0 -200 0 0 0 0
50 5 18 30 90 160
50 5 18 30 90 160
60 10 30 60 180 320
100 10 40 90 270 400
100 10 40 90 270 400
120 16 50 100 300 450
0 0 0 0 0 0
150 16 50 150 450 625
150 16 50 150 450 625
180 20 60 180 500 700
200 20 70 200 550 750
200 20 70 200 550 750
220 30 80 220 600 800
0 0 0 0 0 0
220 30 90 250 700 875
220 30 90 250 700 875
240 40 100 300 750 925
280 40 110 330 800 975
280 40 110 330 800 975
300 50 120 360 850 1025
0 0 0 0 0 0
300 50 130 390 900 1100
300 50 130 390 900 1100
320 60 150 450 1000 1200
360 60 175 500 1100 1300
400 80 200 600 1400 1700
400 80 210 630 1500 1800